15122678
14236047
14233390
14273593
14310214
14301793
14269601
14543097
15003677
15012566
15007888
15012780
15011693
15015039
15001816
15004000
15011069
15011589
15009910
15013814
15014852
15009734
15008822
15014417
15014483
15011105
15014143
15016168
15004883
15010525
15005788
15008426
15003108
15008325
15013551
15006305
15004309
15019494
15013079
15008585
15008807
15014676
15010830
15022912
15014732
15013160
15004870
15005475
15000212
15002822
15010151
15004307
15007384
15009756
15010784
15008597
15003535
15005714
15002952
15008684
15006291
15008985
15001972
15014604
15014052
15013197
15013658
15009135
15004678
15006129
14996856
15007926
15004640
15006694
15006652
15015946
15013680
15007856
15018435
15010651
15006437
15003376
15006319
15003784
15014978
15004390
15013058
15013725
15007039
15008845
15012415
15009538
15017448
15014067
15018342
15007959
15011400
15009003
15005488
15014016
15016342
15007138
15010348
15004820
15014901
15014453
15025779
15015768
15007661
15016965
15003723
15001033
15002333
15016357
15006872
15002398
15000268
15010642
15004760
15006589
15002161
15000346
15006160
15003672
15005909
15008342
15003682
15005638
15011667
15007200
15010730
15015940
15009676
15002969
15007246
15004008
15008052
15008348
15005910
15003070
15006669
15014178
15012748
15011468
15009371
15020121
15019813
15013762
15012540
15010994
15013299
15009812
15016836
15011355
15012291
15002527
15009196
15011118
15018660
15012612
15015481
15009831
15017068
15010396
15008009
15008261
15011161
15004211
15008999
15008624
15003782
15003704
15003591
15004696
15008231
15006109
15003014
15007139
15003282
15003861
15000368
15006001
15014668
15012904
15016489
15017338
15009131
15005662
15010016
14999688
15004692
15005558
14999750
15002704
15005216
15004414
15007018
15015996
15000512
15001355
15010165
15006953
15000901
15000415
15006561
15009202
14981461
14980069
14979096
14978856
14978704
14980327
14978143
14979345
14981412
14974640
14980805
14985973
14984499
14982635
14982715
14979827
14979356
14980494
14980198
14982073
14979634
14983648
14979540
14980064
14978641
14978577
14989238
14983358
14980961
14981172
14980404
14975932
14978513
14982004
14982913
14982758
14979506
14981377
14977917
14980118
14983920
14985961
14983315
14978689
14977632
14981931
14984666
14979109
14971266
14980956
14982869
14981446
14981599
14981982
14978329
14981242
14987707
14979523
14982280
14977877
14985027
14980874
14984379
14979270
14980426
14981609
14981133
14980999
14978737
14976819
14982960
14988780
14983712
14982993
14982223
14984808
14985970
14982112
14983829
14980032
14980306
14981470
14983162
14978716
14981592
14983160
14986279
14985110
14977395
14983815
14980169
14979319
14979429
14979777
14977143
14978794
14983142
14983190
14979303
14982357
14980091
14986830
14978759
14980527
14990188
14975309
14979890
14977892
14978145
14984339
14976902
14980451
14982407
14976161
14979734
14982377
14986570
14983210
14976351
14984714
14980628
14980990
14977591
14978763
14979317
14980827
14981552
14981828
14979869
14978584
14979625
14989038
14977179
14980300
14977743
14982344
14980778
14979834
14980932
14979982
14979604
14982587
14982851
14983250
14981434
14977874

15148426
14235228
14238777
14245230
14310305
14303304
14269348
14546061
15003158
15014128
15013294
15012755
15009643
15010854
15004929
15004551
14999126
15012118
15002580
15007333
15016381
15009972
15016221
15013882
15011148
15011358
15009706
15021965
15003400
15008917
15009381
15011480
15012534
15008766
15012233
15017061
15011964
15010428
15016605
15007035
15011867
15009790
15013524
15020022
15019297
15006018
15006337
15008929
15007209
15004750
15010731
15005458
15008385
15015810
15008514
15008135
15007730
15005736
15007167
15000490
15002395
15001425
15002513
15015465
15010818
15015169
15014631
15027399
15001623
15004799
14996493
15005847
15018802
15006511
15012541
15010447
15010312
15008421
15013958
15006153
15001338
15003642
14996320
15005563
15012917
15006797
15009679
15013853
15014708
15009689
15013608
15009377
15015583
15012220
15015321
15011003
15016881
15018008
15010691
15014774
15011419
15017477
15018694
15018027
15014974
15009125
15008929
15013170
15019678
15013917
15002651
15002756
15004492
15008866
15007879
15005429
15005461
15004260
15002391
15006154
15004798
15000974
15012003
15003887
15008881
15006247
15005471
15002172
15013882
15013925
15018022
15010497
15013767
15002672
15008524
15008599
15006322
15006605
15010875
15000456
15012009
15014094
15013830
15008157
15016705
15011933
15017629
15004490
15009927
15004302
15008418
15001678
15013086
15005001
15005486
15001748
15006963
15006690
15011953
15003397
15003700
15012676
15003728
15009186
14999792
15004404
15004967
15007520
15006606
15002005
15002528
15002747
15003355
15006252
15000530
15002714
15011517
15000347
15002900
15002517
15003182
15009285
15012133
15005937
15013539
15017295
15010832
15006640
15007903
14997184
15006696
15005317
15002164
15001360
14998690
15003119
14998283
15008809
15002846
15002801
15009456
15005690
15003902
15002546
15007203
15007690
14982014
14982287
14980765
14978013
14979758
14982182
14980303
14987039
14982539
14977923
14985298
14989085
14984561
14980573
14982160
14981320
14977900
14982754
14976159
14982452
14975837
14977198
14977745
14978379
14980364
14975203
14987577
14984520
14981160
14980387
14985682
14977590
14981692
14979996
14981651
14980227
14977657
14983362
14980709
14980582
14981143
14988101
14979776
14980654
14982243
14979499
14982443
14981753
14976369
14980559
14978755
14979136
14978089
14981800
14979982
14981368
14987604
14978702
14981044
14977835
14985326
14979705
14979694
14978047
14980817
14982651
14982025
14983862
14979227
14978885
14983857
14986245
14981256
14981714
14981973
14982613
14984338
14982375
14984135
14981617
14980313
14984087
14985055
14981830
14980731
14981580
14985843
14985027
14978605
14979541
14982571
14976434
14980733
14981742
14976733
14978318
14982267
14985474
14979193
14982944
14981083
14986908
14975889
14980864
14983732
14976117
14980864
14977040
14979172
14981714
14977121
14978353
14979968
14976866
14978857
14984541
14982483
14979337
14980128
14983608
14981616
14981012
14984450
14978097
14982560
14983496
14980641
14979825
14979762
14977688
14980668
14983609
14979757
14982559
14977079
14983806
14978831
14980614
14980831
14976981
14977551
14979891
14984492
14981144
14981710
14977310

15135433
14235529
14233594
14273502
14311264
14302987
14269422
14545484
15004371
15009517
15014909
15018874
15007947
15027829
15005608
14999570
15006675
15007904
15014806
15011362
15007680
15010666
15015093
15013500
15008809
15010738
15010365
15011561
15002951
15010154
15015606
15011904
14999107
15007408
15012238
15017788
15010560
15010760
15010180
15011359
15009188
15011807
15012631
15018905
15012111
15005919
15007185
15004028
15002044
15005269
15005947
15003295
15004546
15005100
15004701
15007221
15008313
15005929
15008508
15006911
15002955
15008502
15001590
15010505
15010225
15012328
15007474
15013790
15007284
15010552
15001860
15018432
15010365
15010320
15010210
15003421
15015650
15017180
15005364
15008950
15005191
15010147
15006798
15007832
15008074
15006808
15006285
15019293
15010756
15007731
15015723
15013788
15014081
15005299
15008960
15004895
15014245
15016585
15006238
15007846
15005620
15015689
15017301
15012177
15016927
15014828
15008216
15017953
15018250
15018314
15005296
15003794
15006386
15008506
15005398
15003846
15004790
15013094
15008582
15007235
15002242
15000206
15005856
15003876
15009586
15005000
15007219
15005095
15011319
15011841
15017259
15001296
15009886
15005478
15004977
15002241
15004906
15008958
15006834
15000980
15016353
15012489
15017812
15010362
15009693
15016424
15017789
15002979
15010936
15007204
15014298
15009329
15008494
15013424
15012065
15010637
15016747
15011440
15013685
15012438
15015367
15010990
15012245
15015607
15001432
15006159
15011085
15002354
15007619
14999406
15005917
15001014
15003722
15010515
15004769
15002135
15006078
14994730
15003002
15003005
15004784
15010166
15015503
15012798
15011197
15017473
15010630
15007518
15011261
15009979
15000194
15004142
15004071
15001406
15000771
15001950
14997939
15008134
15001392
15008187
15009138
15005780
15003355
15005386
15006666
15003386
14980621
14983130
14980957
14978661
14977350
14984518
14979206
14985675
14982040
14976314
14985422
14985848
14982704
14982566
14978822
14979100
14979167
14979478
14979512
14981055
14978276
14979336
14973797
14980116
14977566
14980029
14987480
14982861
14981131
14981081
14984880
14976363
14981457
14980306
14983969
14981354
14977439
14983183
14979100
14979770
14982854
14987452
14980385
14980755
14981671
14976905
14983590
14979050
14975563
14982662
14979887
14976629
14981906
14981397
14978948
14982229
14988231
14978529
14980829
14982636
14983997
14979341
14979787
14977894
14979116
14980054
14982262
14984121
14981636
14978749
14983836
14987480
14983219
14981445
14982492
14980265
14986184
14980794
14986348
14979082
14981671
14985822
14984163
14980742
14982543
14979093
14986473
14986247
14977881
14983953
14981182
14977609
14980985
14980429
14977024
14980780
14982043
14981925
14981147
14980684
14982238
14987034
14974793
14982897
14986079
14975719
14981077
14978700
14981390
14980156
14977721
14978774
14984213
14976408
14980474
14984872
14984860
14983729
14978647
14984706
14982905
14980067
14980698
14978213
14981522
14981777
14980988
14979914
14983165
14980919
14980009
14984504
14979126
14979660
14977363
14982090
14980523
14978815
14979669
14979956
14977632
14981048
14982159
14981182
14980894
14977772
