15199227
14287690
14292746
14263791
14338895
14329168
14272090
14531255
14953175
14953803
14951615
14952536
14951779
14952568
14950507
14949465
14948896
14952894
14951923
14953116
14953361
14952592
14952465
14952018
14951895
14952301
14951477
14953367
14951673
14953419
14952328
14951873
14948017
14952159
14954762
14952476
14948016
14953544
14952784
14958071
14950485
14952278
14950662
14953072
14950185
14950362
14949223
14949898
14948128
14949855
14952021
14949484
14948898
14949914
14949885
14950435
14951549
14949851
14950632
14949411
14948982
14951339
14949601
14952773
14951357
14952394
14952542
14952035
14950035
14950462
14943517
14952324
14952144
14952083
14952712
14952198
14953373
14951473
14952948
14950188
14949214
14950835
14949955
14949697
14949912
14948837
14952286
14951525
14951992
14956932
14952924
14953151
14952966
14952043
14952983
14951695
14955063
14952711
14952601
14953386
14952083
14960323
14953527
14952000
14953726
14951836
14952623
14951969
14959385
14952771
14952531
14949627
14950414
14949029
14950834
14950798
14950202
14950677
14949549
14952717
14950841
14949925
14951447
14951654
14950608
14954583
14949440
14950221
14952498
14951767
14952952
14952967
14953579
14949846
14953931
14950767
14949974
14949634
14950240
14949781
14952197
14952228
14951959
14949403
14951685
14953023
14951792
14947198
14952631
14948515
14956205
14949536
14952878
14955057
14952441
14950288
14953078
14952714
14958428
14950522
14952484
14952928
14952852
14951897
14950901
14950091
14950123
14948231
14950090
14949824
14949413
14950522
14949943
14950136
14949737
14950821
14955547
14950470
14949735
14959105
14950063
14950364
14953018
14952525
14952913
14952297
14952266
14949510
14948141
14951214
14948420
14949815
14950851
14949628
14949669
14949464
14950425
14952794
14949244
14950236
14951219
14950014
14950032
14950001
14950161
14955818
14952016
14950124
14947508
14950000
14946059
14949505
14946830
14951572
14949808
14945323
14950474
14949436
14947629
14948284
14949804
14954737
14949421
14948959
14948163
14949141
14943046
14948204
14944484
14948946
14949461
14950639
14947848
14948497
14949300
14949350
14949721
14947367
14948906
14949276
14949302
14950332
14949615
14949995
14948325
14949697
14950304
14949087
14947851
14947672
14949855
14949644
14958793
14949633
14943782
14949259
14946988
14950532
14949709
14952809
14945820
14949263
14949465
14945266
14948723
14947719
14951891
14950235
14949450
14949436
14949099
14949869
14949173
14950080
14953386
14949512
14945996
14949621
14946013
14948044
14949467
14944237
14949630
14948331
14949253
14950024
14949177
14949675
14951824
14949500
14949583
14950489
14950338
14948129
14946643
14949013
14949408
14947378
14948036
14946731
14946667
14949423
14948931
14952391
14948745
14953661
14948899
14945380
14943190
14948696
14955775
14948791
14953234
14946817
14948544
14952730
14947452
14949136
14951135
14945917
14950000
14950415
14947720
14949614
14945516
14952888
14950984
14949088
14948633
14948766
14949007
14948243
14948065
14949646
14948598
14947956
14950511
14949413
14946714
14948643
14948157
14951598
14950785
14948508
14947462
14949454
14945945
14951439
14954386
14949727
14948467
14947080

15212307
14290792
14274268
14251319
14338905
14330080
14272467
14530367
14953916
14953111
14952387
14952368
14951502
14952401
14949882
14949511
14949152
14952879
14952931
14952295
14952904
14953419
14952977
14958817
14952817
14952473
14951437
14953173
14951315
14952819
14952750
14951784
14950088
14951417
14953467
14952731
14948194
14952687
14953231
14952909
14951148
14952321
14950992
14952513
14948421
14949957
14948912
14950231
14948285
14949280
14957220
14950212
14948491
14949761
14950695
14950296
14949538
14950423
14952505
14949260
14949938
14950565
14950067
14952537
14952083
14952623
14952530
14951770
14949331
14949806
14943656
14952461
14952172
14952030
14954057
14952332
14952959
14953740
14953110
14949485
14948937
14951000
14949943
14949829
14950257
14949134
14952648
14951587
14952147
14952788
14952680
14952943
14952737
14951712
14953181
14951832
14958389
14952966
14952561
14952533
14952838
14953199
14953056
14960846
14953958
14952069
14952531
14951513
14951838
14952988
14950975
14949507
14950646
14949044
14950581
14950308
14949993
14950699
14950381
14952763
14950112
14950041
14950596
14952097
14950509
14954162
14949183
14949693
14952393
14951954
14955955
14952461
14952932
14949599
14949108
14950825
14949636
14949965
14950293
14950440
14952053
14952614
14952688
14949166
14952373
14955060
14959836
14947965
14952415
14949016
14952827
14949162
14952631
14952554
14952369
14950606
14952852
14955584
14953165
14951545
14952080
14959959
14952425
14951518
14950411
14949975
14950084
14948299
14950430
14949867
14949413
14950060
14949945
14950242
14950252
14949675
14950445
14950296
14949385
14958578
14950394
14950027
14953047
14952325
14953677
14952136
14952141
14949499
14953050
14951141
14949288
14950076
14950990
14948804
14949248
14949464
14949801
14952719
14948534
14950421
14951112
14949577
14950209
14950223
14949665
14954482
14951333
14949940
14947517
14950242
14946205
14949378
14947228
14951393
14950113
14945187
14949952
14949763
14948188
14948970
14948618
14955408
14950220
14949407
14948796
14948429
14943327
14948370
14945319
14948988
14949249
14950659
14947588
14949257
14949669
14949718
14949650
14946475
14947989
14949272
14949772
14949391
14948966
14949172
14948980
14949100
14949182
14948938
14948345
14947991
14949703
14950674
14958279
14948832
14943103
14949623
14947311
14949980
14949510
14953989
14945856
14950171
14948795
14945192
14948215
14948637
14951670
14950304
14948974
14948489
14948849
14949262
14948989
14950486
14952977
14950240
14946282
14949932
14946235
14949336
14949634
14944793
14948483
14948711
14950016
14949641
14948355
14949677
14952063
14949320
14949727
14949879
14949321
14948840
14947429
14948633
14948916
14947306
14948091
14947076
14946292
14949846
14949164
14952886
14949021
14953591
14949381
14945895
14943318
14948099
14956125
14948676
14953066
14947130
14948371
14953354
14947509
14949241
14951363
14945279
14950750
14949657
14947615
14949686
14945437
14952691
14951560
14949624
14948386
14948610
14949436
14948672
14947977
14949607
14949292
14946955
14950517
14949056
14946891
14949177
14948219
14951116
14950827
14949068
14947072
14949145
14945420
14951842
14954731
14949462
14949517
14946528

15426020
14264144
14268888
14293065
14338448
14331555
14298293
14544346
14953692
14956018
14952232
14954606
14952378
14951951
14951031
14951556
14949956
14952562
14954690
14954105
14953194
14954188
14953034
14952596
14953411
14953933
14952483
14952575
14951583
14955438
14953818
14954306
14948578
14951571
14953037
14952914
14948193
14953012
14953434
14952293
14951736
14952313
14950716
14952815
14950029
14950237
14950247
14953522
14948659
14951248
14951914
14952465
14950462
14951636
14949511
14953020
14949841
14951833
14951245
14949670
14954101
14952430
14950478
14952566
14952485
14952281
14952593
14953739
14950465
14954075
14943309
14952296
14952271
14954260
14953220
14954605
14953353
14951704
14953028
14950818
14949128
14950726
14951762
14950031
14949993
14949817
14952292
14953137
14952119
14953028
14954109
14953309
14958498
14951899
14954930
14952307
14953996
14953780
14954837
14953553
14953933
14953145
14954887
14952682
14955653
14952487
14954698
14952344
14954233
14952561
14953237
14950344
14952954
14949725
14949705
14950763
14949484
14951051
14951559
14952500
14950817
14950233
14952607
14952061
14952744
14954433
14951396
14952272
14954350
14952593
14955182
14951986
14952756
14949343
14949292
14951861
14949461
14950043
14950099
14950213
14952877
14952526
14954393
14949626
14951812
14955514
14954200
14948410
14954055
14949070
14955876
14949604
14954099
14953979
14951738
14950309
14952303
14952656
14955189
14951275
14951123
14956126
14954437
14952124
14951792
14952623
14953698
14948556
14951713
14950380
14951423
14950844
14951369
14951741
14949814
14950589
14952351
14950265
14952055
14951252
14950128
14950504
14952671
14952593
14955020
14952183
14957763
14949721
14952911
14950314
14949615
14951344
14950670
14951999
14950965
14951867
14953429
14955068
14950000
14952166
14953222
14951573
14950896
14949971
14950624
14955331
14952030
14950273
14947775
14949871
14946487
14949772
14946686
14951885
14949935
14944806
14950687
14950290
14948753
14948669
14949326
14955249
14949592
14949302
14948081
14948428
14943576
14947853
14945965
14948260
14949441
14950315
14948299
14948182
14949711
14949412
14949747
14947146
14948881
14949051
14949610
14950915
14948784
14949371
14948264
14949255
14949278
14948746
14948099
14947721
14949920
14949878
14959422
14949253
14943981
14949623
14947662
14950319
14948700
14953319
14945562
14949648
14948528
14945283
14949449
14947758
14951660
14950373
14948845
14949066
14948387
14949691
14949356
14950062
14953495
14949412
14945975
14950555
14946340
14949375
14949326
14944275
14949659
14948204
14948599
14949781
14948684
14949791
14951799
14949064
14949770
14950319
14949615
14948834
14946943
14948252
14948921
14947108
14948379
14946632
14946269
14949666
14948826
14952731
14949072
14953916
14949675
14946213
14943315
14948657
14955983
14948595
14952789
14947596
14948214
14953110
14946779
14949044
14950848
14946039
14950884
14949067
14947136
14949335
14945202
14952930
14951776
14949401
14948131
14948266
14948711
14948968
14948849
14950559
14948979
14948350
14949907
14949931
14946422
14949097
14948094
14951048
14951097
14948375
14947470
14949931
14945275
14951551
14953773
14949163
14950147
14947619
